P(a) = -1.076353095105509
P(b) = -2.0518881761829366
P(c) = -1.492223661080204
P(d) = -1.4202616779892512
P(e) = -0.7669658145224565
P(f) = -1.9917263037969526
P(g) = -2.0284572462247623
P(h) = -2.1056297044472685
P(i) = -1.1352064426688435
P(j) = -2.2095776682007906
P(k) = -3.5365941540489745
P(l) = -1.2682124802855221
P(m) = -1.5129486053385504
P(n) = -1.1226374766145046
P(o) = -1.2743433303176548
P(p) = -1.538635710757223
P(q) = -1.9394381295606844
P(r) = -1.1840286390704569
P(s) = -1.064447714889656
P(t) = -1.1659667480967535
P(u) = -1.2061350611756212
P(v) = -1.82784228094936
P(w) = -3.9191827290425008
P(x) = -2.338646988759627
P(y) = -2.672224427638286
P(z) = -2.82237675112463

