P(a) = -1.086788681042454
P(b) = -1.7519519887518187
P(c) = -1.626587631644617
P(d) = -1.396179917541683
P(e) = -0.9100712180599071
P(f) = -1.660275542753472
P(g) = -1.660068197743731
P(h) = -1.180274162400034
P(i) = -1.162525480273911
P(j) = -2.944833324319119
P(k) = -2.072697153608919
P(l) = -1.3477688854210008
P(m) = -1.6111104829831362
P(n) = -1.1615969374026291
P(o) = -1.1377837605854946
P(p) = -1.7418254600332643
P(q) = -2.7879988169444423
P(r) = -1.261272901312096
P(s) = -1.1711410127286013
P(t) = -1.0342236377842724
P(u) = -1.5524881689579149
P(v) = -2.043619342325931
P(w) = -1.6313539967808455
P(x) = -2.961523357271089
P(y) = -1.7505965755952897
P(z) = -3.1788309635150704

