P(a) = -0.8968392045265343
P(b) = -2.962849910752085
P(c) = -3.900011222114477
P(d) = -2.010177253371304
P(e) = -1.0541703384276957
P(f) = -3.4603523589246077
P(g) = -3.0946170985126025
P(h) = -1.5653082917255998
P(i) = -0.9465630530135911
P(j) = -1.6752363778091914
P(k) = -1.2569747671519798
P(l) = -1.2010053271555792
P(m) = -1.4716755858805537
P(n) = -0.9965131542022946
P(o) = -1.2939231340990265
P(p) = -1.7559132640400106
P(q) = -5.505675337711265
P(r) = -1.6610946229301895
P(s) = -1.1422702139706395
P(t) = -0.9986700049309873
P(u) = -1.2749795347539428
P(v) = -1.5805524100983075
P(w) = -4.520398594531971
P(x) = -3.765312648217021
P(y) = -1.7973394350290015
P(z) = -3.36266053745717

