P(a) = -0.8597168722666262
P(b) = -1.9359564560646667
P(c) = -1.465463652171866
P(d) = -1.3100018041531527
P(e) = -0.9074884845248818
P(f) = -2.012719150156716
P(g) = -1.9514451495390401
P(h) = -1.7462930991794126
P(i) = -1.2029108380263729
P(j) = -2.5741023416422633
P(k) = -4.391447313084194
P(l) = -1.4626326394355642
P(m) = -1.3143878790718093
P(n) = -1.3221493009686647
P(o) = -0.9682958072627174
P(p) = -1.54779933946517
P(q) = -1.8687660192652722
P(r) = -1.1793162295800457
P(s) = -1.1163594293125754
P(t) = -1.3841004800302275
P(u) = -1.3016385082161859
P(v) = -1.772892122122673
P(w) = -5.064863212947825
P(x) = -2.5177921034723454
P(y) = -3.403456220557209
P(z) = -2.309315017299687

