P(a) = -0.941630651980609
P(b) = -1.8401444572625036
P(c) = -1.406361337732285
P(d) = -1.2881759953809762
P(e) = -0.8666483754359237
P(f) = -2.193294754873592
P(g) = -1.9177932297808988
P(h) = -1.961309777716837
P(i) = -1.22786060316353
P(j) = -2.2671725623410195
P(k) = -4.8715529215141276
P(l) = -1.256429882883703
P(m) = -1.5296663893683229
P(n) = -1.1578824097118001
P(o) = -1.0391991416839483
P(p) = -1.624667629291073
P(q) = -1.768091299419423
P(r) = -1.1932296871557528
P(s) = -1.0929779237888133
P(t) = -1.3819359080640266
P(u) = -1.3331048698039105
P(v) = -1.9068892964212596
P(w) = -5.017680957192366
P(x) = -2.986676675828829
P(y) = -1.8798839141341792
P(z) = -2.349108688007808

